numentries: 92645
numdim: 3
min: 0
max: 1
isline: 1
hasgeoinfo: 1
lat0: 31.251273
lng0: 116.267983
lat1: 39.992261
lng1: 121.453058

