minCountValue: 0.000000
maxCountValue: 6.000000
minIndexValue: 0.000000
maxIndexValue: 43.000000
minEntriesValue: 0.000000
maxEntriesValue: 43.000000