minCountValue: 0.000000
maxCountValue: 4.000000
minIndexValue: 0.000000
maxIndexValue: 19.000000
minEntriesValue: 0.000000
maxEntriesValue: 19.000000