minCountValue: 0.000000
maxCountValue: 14.000000
minIndexValue: 0.000000
maxIndexValue: 10.000000
minEntriesValue: 0.000000
maxEntriesValue: 10.000000