minCountValue: 0.000000
maxCountValue: 4.000000
minIndexValue: 0.000000
maxIndexValue: 149.000000
minEntriesValue: 1.000000
maxEntriesValue: 6.900000