minCountValue: 0.000000
maxCountValue: 10.000000
minIndexValue: 0.000000
maxIndexValue: 44.000000
minEntriesValue: 0.000000
maxEntriesValue: 44.000000