minCountValue: 0.000000
maxCountValue: 6.000000
minIndexValue: 0.000000
maxIndexValue: 149.000000
minEntriesValue: 0.100000
maxEntriesValue: 2.500000