minCountValue: 0.000000
maxCountValue: 26.000000
minIndexValue: 0.000000
maxIndexValue: 18.000000
minEntriesValue: 0.000000
maxEntriesValue: 18.000000