minCountValue: 0.000000
maxCountValue: 12.000000
minIndexValue: 0.000000
maxIndexValue: 148.000000
minEntriesValue: 1.000000
maxEntriesValue: 3.000000