minCountValue: 0.000000
maxCountValue: 50.000000
minIndexValue: 0.000000
maxIndexValue: 100.000000
minEntriesValue: 4.300000
maxEntriesValue: 7.900000