minCountValue: 0.000000
maxCountValue: 4.000000
minIndexValue: 0.000000
maxIndexValue: 45.000000
minEntriesValue: 0.000000
maxEntriesValue: 45.000000