minCountValue: 0.000000
maxCountValue: 3.000000
minIndexValue: 0.000000
maxIndexValue: 21.000000
minEntriesValue: 0.000000
maxEntriesValue: 21.000000