minCountValue: 0.000000
maxCountValue: 28.000000
minIndexValue: 0.000000
maxIndexValue: 1.000000
minEntriesValue: 0.000000
maxEntriesValue: 1.000000