minCountValue: 0.000000
maxCountValue: 74.000000
minIndexValue: 0.000000
maxIndexValue: 99.000000
minEntriesValue: 2.000000
maxEntriesValue: 4.400000