minCountValue: 0.000000
maxCountValue: 78.000000
minIndexValue: 0.000000
maxIndexValue: 78.000000
minEntriesValue: 4.300000
maxEntriesValue: 7.900000