minCountValue: 0.000000
maxCountValue: 89.000000
minIndexValue: 0.000000
maxIndexValue: 61.000000
minEntriesValue: 1.000000
maxEntriesValue: 6.900000