minCountValue: 0.000000
maxCountValue: 71.000000
minIndexValue: 0.000000
maxIndexValue: 79.000000
minEntriesValue: 1.000000
maxEntriesValue: 6.900000