minCountValue: 0.000000
maxCountValue: 54.000000
minIndexValue: 0.000000
maxIndexValue: 132.000000
minEntriesValue: 4.300000
maxEntriesValue: 7.900000