minCountValue: 0.000000
maxCountValue: 61.000000
minIndexValue: 0.000000
maxIndexValue: 95.000000
minEntriesValue: 1.000000
maxEntriesValue: 3.000000