minCountValue: 0.000000
maxCountValue: 12.000000
minIndexValue: 0.000000
maxIndexValue: 28.000000
minEntriesValue: 0.000000
maxEntriesValue: 28.000000