minCountValue: 0.000000
maxCountValue: 26.000000
minIndexValue: 0.000000
maxIndexValue: 46.000000
minEntriesValue: 0.000000
maxEntriesValue: 46.000000