minCountValue: 0.000000
maxCountValue: 14.000000
minIndexValue: 0.000000
maxIndexValue: 0.000000
minEntriesValue: 0.000000
maxEntriesValue: 0.430380