numentries: 150
numdim: 5
min: 0.000000
max: 1.000000