numentries: 976344
numdim: 2
min: 0
max: 1
isline: 1
hasgeoinfo: 1
lat0: 24.55611111
lng0: -124.24694444
lat1: 48.79277778
lng1: -68.82805556
