minCountValue: 0.000000
maxCountValue: 1.000000
minIndexValue: 0.000000
maxIndexValue: 3.000000
minEntriesValue: 0.000000
maxEntriesValue: 1.000000