minCountValue: 0.000000
maxCountValue: 2.000000
minIndexValue: 0.000000
maxIndexValue: 2.000000
minEntriesValue: 1.000000
maxEntriesValue: 4.000000