numentries: 150
numdim: 5
min: 0.000000
max: 1.000000
isline: 0
hasgeoinfo: 0
