numentries: 15000
numdim: 2
min: -1.000000
max: 1.000000
hasgeoinfo: 0
