numentries: 1227
numdim: 2
min: 0.000000
max: 1.000000
isline: 0
hasgeoinfo: 1
lat0: 40.552456
lng0: -74.169599
lat1: 40.902813
lng1: -73.717281
