numentries: 77505
numdim: 2
min: 0.000000
max: 1.000000
isline: 0
hasgeoinfo: 1
lat0: 40.672729
lng0: -74.018005
lat1: 40.800701
lng1: -73.711967
